{
 "cells": [
  {
   "cell_type": "markdown",
   "metadata": {},
   "source": [
    "# Decision Tree"
   ]
  },
  {
   "cell_type": "code",
   "execution_count": 421,
   "metadata": {},
   "outputs": [],
   "source": [
    "import math\n",
    "import warnings\n",
    "from datetime import datetime\n",
    "start=datetime.now()\n",
    "from IPython.display import display\n",
    "from matplotlib import pyplot as plt\n",
    "import numpy as np\n",
    "import pandas as pd\n",
    "import seaborn as sns\n",
    "from sklearn import linear_model\n",
    "import statsmodels.formula.api as smf\n",
    "from sklearn.model_selection import cross_val_score\n",
    "from sklearn import neighbors\n",
    "from sklearn import tree,model_selection\n",
    "from sklearn.grid_search import GridSearchCV\n",
    "# A convenience for displaying visualizations.\n",
    "from IPython.display import Image\n",
    "from sklearn.preprocessing import StandardScaler\n",
    "from sklearn.decomposition import PCA\n",
    "from sklearn import preprocessing\n",
    "from sklearn.feature_selection import SelectKBest\n",
    "from sklearn.feature_selection import f_classif\n",
    "# Display preferences.\n",
    "%matplotlib inline\n",
    "pd.options.display.float_format = '{:.3f}'.format\n",
    "\n",
    "# Suppress annoying harmless error.\n",
    "warnings.filterwarnings(\n",
    "    action=\"ignore\",\n",
    "    module=\"scipy\",\n",
    "    message=\"^internal gelsd\"\n",
    ")"
   ]
  },
  {
   "cell_type": "code",
   "execution_count": 422,
   "metadata": {},
   "outputs": [],
   "source": [
    "#Creating dataframe for the data\n",
    "data = pd.read_csv('C:/Personal/09142640/Downloads/Car_sales_U.csv')\n",
    "data.columns.values[3]='Year_Resale_Value'\n",
    "data_req=data.loc[:,[\"Sales_in_thousands\",\"Year_Resale_Value\",\"Price_in_thousands\",\"Engine_size\",\"Horsepower\",\"Wheelbase\",\"Width\",\"Length\",\"Curb_weight\",\"Fuel_capacity\",\"Fuel_efficiency\",\"Power_perf_factor\"]]\n",
    "data_na=data_req.fillna(0)\n",
    "#data_req=data_na.astype('float')\n",
    "#data_na.dtype()"
   ]
  },
  {
   "cell_type": "code",
   "execution_count": 423,
   "metadata": {},
   "outputs": [
    {
     "data": {
      "text/html": [
       "<div>\n",
       "<style scoped>\n",
       "    .dataframe tbody tr th:only-of-type {\n",
       "        vertical-align: middle;\n",
       "    }\n",
       "\n",
       "    .dataframe tbody tr th {\n",
       "        vertical-align: top;\n",
       "    }\n",
       "\n",
       "    .dataframe thead th {\n",
       "        text-align: right;\n",
       "    }\n",
       "</style>\n",
       "<table border=\"1\" class=\"dataframe\">\n",
       "  <thead>\n",
       "    <tr style=\"text-align: right;\">\n",
       "      <th></th>\n",
       "      <th>Year_Resale_Value</th>\n",
       "      <th>Price_in_thousands</th>\n",
       "      <th>Engine_size</th>\n",
       "      <th>Horsepower</th>\n",
       "      <th>Wheelbase</th>\n",
       "      <th>Width</th>\n",
       "      <th>Length</th>\n",
       "      <th>Curb_weight</th>\n",
       "      <th>Fuel_capacity</th>\n",
       "      <th>Fuel_efficiency</th>\n",
       "      <th>Power_perf_factor</th>\n",
       "    </tr>\n",
       "  </thead>\n",
       "  <tbody>\n",
       "    <tr>\n",
       "      <th>0</th>\n",
       "      <td>16.360</td>\n",
       "      <td>21.500</td>\n",
       "      <td>1.800</td>\n",
       "      <td>140</td>\n",
       "      <td>101.200</td>\n",
       "      <td>67.300</td>\n",
       "      <td>172.400</td>\n",
       "      <td>2.639</td>\n",
       "      <td>13.200</td>\n",
       "      <td>28.000</td>\n",
       "      <td>58.280</td>\n",
       "    </tr>\n",
       "    <tr>\n",
       "      <th>1</th>\n",
       "      <td>19.875</td>\n",
       "      <td>28.400</td>\n",
       "      <td>3.200</td>\n",
       "      <td>225</td>\n",
       "      <td>108.100</td>\n",
       "      <td>70.300</td>\n",
       "      <td>192.900</td>\n",
       "      <td>3.517</td>\n",
       "      <td>17.200</td>\n",
       "      <td>25.000</td>\n",
       "      <td>91.371</td>\n",
       "    </tr>\n",
       "    <tr>\n",
       "      <th>2</th>\n",
       "      <td>18.225</td>\n",
       "      <td>0.000</td>\n",
       "      <td>3.200</td>\n",
       "      <td>225</td>\n",
       "      <td>106.900</td>\n",
       "      <td>70.600</td>\n",
       "      <td>192.000</td>\n",
       "      <td>3.470</td>\n",
       "      <td>17.200</td>\n",
       "      <td>26.000</td>\n",
       "      <td>0.000</td>\n",
       "    </tr>\n",
       "    <tr>\n",
       "      <th>3</th>\n",
       "      <td>29.725</td>\n",
       "      <td>42.000</td>\n",
       "      <td>3.500</td>\n",
       "      <td>210</td>\n",
       "      <td>114.600</td>\n",
       "      <td>71.400</td>\n",
       "      <td>196.600</td>\n",
       "      <td>3.850</td>\n",
       "      <td>18.000</td>\n",
       "      <td>22.000</td>\n",
       "      <td>91.390</td>\n",
       "    </tr>\n",
       "    <tr>\n",
       "      <th>4</th>\n",
       "      <td>22.255</td>\n",
       "      <td>23.990</td>\n",
       "      <td>1.800</td>\n",
       "      <td>150</td>\n",
       "      <td>102.600</td>\n",
       "      <td>68.200</td>\n",
       "      <td>178.000</td>\n",
       "      <td>2.998</td>\n",
       "      <td>16.400</td>\n",
       "      <td>27.000</td>\n",
       "      <td>62.778</td>\n",
       "    </tr>\n",
       "  </tbody>\n",
       "</table>\n",
       "</div>"
      ],
      "text/plain": [
       "   Year_Resale_Value  Price_in_thousands  Engine_size  Horsepower  Wheelbase  \\\n",
       "0             16.360              21.500        1.800         140    101.200   \n",
       "1             19.875              28.400        3.200         225    108.100   \n",
       "2             18.225               0.000        3.200         225    106.900   \n",
       "3             29.725              42.000        3.500         210    114.600   \n",
       "4             22.255              23.990        1.800         150    102.600   \n",
       "\n",
       "   Width  Length  Curb_weight  Fuel_capacity  Fuel_efficiency  \\\n",
       "0 67.300 172.400        2.639         13.200           28.000   \n",
       "1 70.300 192.900        3.517         17.200           25.000   \n",
       "2 70.600 192.000        3.470         17.200           26.000   \n",
       "3 71.400 196.600        3.850         18.000           22.000   \n",
       "4 68.200 178.000        2.998         16.400           27.000   \n",
       "\n",
       "   Power_perf_factor  \n",
       "0             58.280  \n",
       "1             91.371  \n",
       "2              0.000  \n",
       "3             91.390  \n",
       "4             62.778  "
      ]
     },
     "execution_count": 423,
     "metadata": {},
     "output_type": "execute_result"
    }
   ],
   "source": [
    "#X and Y variables -X being the features and Y being the output variable\n",
    "Y = data_na[['Sales_in_thousands']]\n",
    "X = data_na.drop(columns='Sales_in_thousands')\n",
    "X.head(5)\n"
   ]
  },
  {
   "cell_type": "code",
   "execution_count": 478,
   "metadata": {},
   "outputs": [],
   "source": [
    "#creating variables for training and test data\n",
    "from sklearn.model_selection import train_test_split\n",
    "\n",
    "X_train, X_test, y_train, y_test = train_test_split(X, Y, test_size=0.20)"
   ]
  },
  {
   "cell_type": "code",
   "execution_count": 479,
   "metadata": {},
   "outputs": [
    {
     "data": {
      "text/plain": [
       "DecisionTreeRegressor(criterion='mse', max_depth=None, max_features=None,\n",
       "           max_leaf_nodes=None, min_impurity_decrease=0.0,\n",
       "           min_impurity_split=None, min_samples_leaf=1,\n",
       "           min_samples_split=2, min_weight_fraction_leaf=0.0,\n",
       "           presort=False, random_state=None, splitter='best')"
      ]
     },
     "execution_count": 479,
     "metadata": {},
     "output_type": "execute_result"
    }
   ],
   "source": [
    "# Creating decision tree using the training data\n",
    "decision_tree = tree.DecisionTreeRegressor()\n",
    "    #criterion='mse',\n",
    "    #max_features='sqrt',\n",
    "    #max_depth=4\n",
    "\n",
    "#decision_tree.fit(X_train, y_train)\n",
    "decision_tree.fit(X_train, y_train)\n",
    "#import pydotplus\n",
    "#import graphviz\n",
    "# Render our tree.\n",
    "#dot_data = tree.export_graphviz(\n",
    " #   decision_tree, out_file=None,\n",
    "  #  feature_names=X.columns\n",
    "#3)graph = pydotplus.graph_from_dot_data(dot_data)\n",
    "#Image(graph.create_png())"
   ]
  },
  {
   "cell_type": "code",
   "execution_count": 480,
   "metadata": {},
   "outputs": [
    {
     "data": {
      "text/plain": [
       "GridSearchCV(cv=3, error_score='raise',\n",
       "       estimator=DecisionTreeRegressor(criterion='mse', max_depth=None, max_features=None,\n",
       "           max_leaf_nodes=None, min_impurity_decrease=0.0,\n",
       "           min_impurity_split=None, min_samples_leaf=1,\n",
       "           min_samples_split=2, min_weight_fraction_leaf=0.0,\n",
       "           presort=False, random_state=None, splitter='best'),\n",
       "       fit_params=None, iid=True, n_jobs=1,\n",
       "       param_grid={'max_depth': [2, 3, 4], 'max_features': ['auto', 'sqrt']},\n",
       "       pre_dispatch='2*n_jobs', refit=True, return_train_score='warn',\n",
       "       scoring=None, verbose=0)"
      ]
     },
     "execution_count": 480,
     "metadata": {},
     "output_type": "execute_result"
    }
   ],
   "source": [
    "param_grid = {\n",
    "    'max_depth': [2,3,4],\n",
    "    'max_features': [11],\n",
    "    'max_features' : ['auto', 'sqrt']\n",
    "    }\n",
    "grid_class= model_selection.GridSearchCV(estimator = decision_tree, param_grid = param_grid,cv = 3)\n",
    "#Using Grid search  for finding the best set of parameters\n",
    "#dt_grid={'max_depth':[1,2,3],'criterion':[\"friedman_mse\"]}\n",
    "#grid_class=model_selection.GridSearchCV(decision_tree,dt_grid,refit=True,cv=10)\n",
    "grid_class.fit(X_train, y_train)"
   ]
  },
  {
   "cell_type": "code",
   "execution_count": 482,
   "metadata": {},
   "outputs": [
    {
     "name": "stdout",
     "output_type": "stream",
     "text": [
      "[0.46348814 0.47479648 0.52974347 0.51467225 0.65304916 0.56575658]\n",
      "{'max_depth': 2, 'max_features': 'sqrt'}\n",
      "-0.04141555263606314\n",
      "DecisionTreeRegressor(criterion='mse', max_depth=2, max_features='sqrt',\n",
      "           max_leaf_nodes=None, min_impurity_decrease=0.0,\n",
      "           min_impurity_split=None, min_samples_leaf=1,\n",
      "           min_samples_split=2, min_weight_fraction_leaf=0.0,\n",
      "           presort=False, random_state=None, splitter='best')\n"
     ]
    },
    {
     "name": "stderr",
     "output_type": "stream",
     "text": [
      "C:\\Users\\09142640\\AppData\\Local\\Continuum\\anaconda3\\lib\\site-packages\\sklearn\\utils\\deprecation.py:122: FutureWarning: You are accessing a training score ('mean_train_score'), which will not be available by default any more in 0.21. If you need training scores, please set return_train_score=True\n",
      "  warnings.warn(*warn_args, **warn_kwargs)\n"
     ]
    }
   ],
   "source": [
    "#Displaying the parameters using Grid search\n",
    "results = grid_class.cv_results_\n",
    "#print(results.get('params'))\n",
    "#print(results.get('mean_test_score'))\n",
    "print(results.get('mean_train_score'))\n",
    "print((grid_class.best_params_))\n",
    "print((grid_class.best_score_))\n",
    "final_model = grid_class.best_estimator_\n",
    "print(final_model)"
   ]
  },
  {
   "cell_type": "code",
   "execution_count": 476,
   "metadata": {},
   "outputs": [
    {
     "data": {
      "text/plain": [
       "DecisionTreeRegressor(criterion='mse', max_depth=None, max_features=None,\n",
       "           max_leaf_nodes=None, min_impurity_decrease=0.0,\n",
       "           min_impurity_split=None, min_samples_leaf=1,\n",
       "           min_samples_split=2, min_weight_fraction_leaf=0.0,\n",
       "           presort=False, random_state=None, splitter='best')"
      ]
     },
     "execution_count": 476,
     "metadata": {},
     "output_type": "execute_result"
    }
   ],
   "source": [
    "#Using paramters provided by  Grid search above to build the decision tree\n",
    "#decision_tree1 = tree.DecisionTreeRegressor(criterion='friedman_mse', max_depth=1,\n",
    " #          max_features=None, max_leaf_nodes=None,\n",
    " #          min_impurity_decrease=0.0, min_impurity_split=None,\n",
    " #          min_samples_leaf=1, min_samples_split=2,\n",
    " #          min_weight_fraction_leaf=0.0, presort=False, random_state=0,\n",
    " #          splitter='best')\n",
    "\n",
    "\n",
    "\n",
    "decision_tree.fit(X_train, y_train)\n",
    "#decision_tree1.fit(X_train, y_train)\n"
   ]
  },
  {
   "cell_type": "code",
   "execution_count": 477,
   "metadata": {},
   "outputs": [
    {
     "name": "stdout",
     "output_type": "stream",
     "text": [
      "With 20% Holdout: -1.012714612103784\n",
      "Testing on Sample: 1.0\n"
     ]
    }
   ],
   "source": [
    "#holdout and cross validation for the decision tree\n",
    "from sklearn.model_selection import train_test_split\n",
    "# Use train_test_split to create the necessary training and test groups\n",
    "X_train, X_test, y_train, y_test = train_test_split(X, Y, test_size=0.2, random_state=20)\n",
    "print('With 20% Holdout: ' + str(decision_tree.fit(X_train, y_train).score(X_test, y_test)))\n",
    "print('Testing on Sample: ' + str(decision_tree.fit(X, Y).score(X, Y)))"
   ]
  },
  {
   "cell_type": "code",
   "execution_count": 386,
   "metadata": {},
   "outputs": [
    {
     "data": {
      "text/plain": [
       "array([ -1.42441453,  -3.31666265,  -1.76389495,  -0.08771907,\n",
       "        -1.08535554, -11.24115676,  -1.41997643,  -2.39572885,\n",
       "        -1.31228331, -12.49106067])"
      ]
     },
     "execution_count": 386,
     "metadata": {},
     "output_type": "execute_result"
    }
   ],
   "source": [
    "#Cross Vaidation to get the accuracy\n",
    "#from sklearn.model_selection import cross_val_score\n",
    "#cross_val_score(decision_tree, X, Y, cv=10)"
   ]
  },
  {
   "cell_type": "code",
   "execution_count": 388,
   "metadata": {},
   "outputs": [],
   "source": [
    "#Using PCA\n",
    "\n",
    "features_pca =data.loc[:,[\"Year_Resale_Value\",\"Price_in_thousands\",\"Engine_size\",\"Horsepower\",\"Wheelbase\",\"Width\",\"Length\",\"Curb_weight\",\"Fuel_capacity\",\"Fuel_efficiency\",\"Power_perf_factor\"]].fillna(0)"
   ]
  },
  {
   "cell_type": "code",
   "execution_count": 389,
   "metadata": {},
   "outputs": [
    {
     "name": "stdout",
     "output_type": "stream",
     "text": [
      "Covariance Matrix:\n",
      " [[ 1.55230069e+02  1.69084141e+02  6.93890270e+00  5.41595333e+02\n",
      "  -2.81618952e+00  1.08179542e+01  4.12238815e+00  2.70800378e+00\n",
      "   1.50687456e+01 -2.15600082e+01  2.58863635e+02]\n",
      " [ 1.69084141e+02  2.35215206e+02  1.06732539e+01  7.61100975e+02\n",
      "   1.17682820e+01  1.96744071e+01  3.26623946e+01  4.78370724e+00\n",
      "   2.61019944e+01 -3.37693171e+01  3.80534118e+02]\n",
      " [ 6.93890270e+00  1.06732539e+01  1.23982691e+00  5.71191975e+01\n",
      "   3.98794650e+00  2.86524521e+00  8.09146604e+00  5.13040231e-01\n",
      "   3.09208760e+00 -3.59845266e+00  2.45756373e+01]\n",
      " [ 5.41595333e+02  7.61100975e+02  5.71191975e+01  3.67792552e+03\n",
      "   1.34242460e+02  1.27258982e+02  3.37987071e+02  2.20145240e+01\n",
      "   1.23887831e+02 -1.71002360e+02  1.58444117e+03]\n",
      " [-2.81618952e+00  1.17682820e+01  3.98794650e+00  1.34242460e+02\n",
      "   6.44813605e+01  1.96104904e+01  9.35449646e+01  3.24603392e+00\n",
      "   2.16528947e+01 -1.92023931e+01  5.34641308e+01]\n",
      " [ 1.08179542e+01  1.96744071e+01  2.86524521e+00  1.27258982e+02\n",
      "   1.96104904e+01  1.28178809e+01  3.55375505e+01  1.68294558e+00\n",
      "   1.04601862e+01 -1.10809861e+01  5.37477260e+01]\n",
      " [ 4.12238815e+00  3.26623946e+01  8.09146604e+00  3.37987071e+02\n",
      "   9.35449646e+01  3.55375505e+01  1.91079491e+02  5.37329848e+00\n",
      "   3.33826488e+01 -3.17757933e+01  1.31065877e+02]\n",
      " [ 2.70800378e+00  4.78370724e+00  5.13040231e-01  2.20145240e+01\n",
      "   3.24603392e+00  1.68294558e+00  5.37329848e+00  5.39633684e-01\n",
      "   2.39283452e+00 -2.47158242e+00  9.69525645e+00]\n",
      " [ 1.50687456e+01  2.61019944e+01  3.09208760e+00  1.23887831e+02\n",
      "   2.16528947e+01  1.04601862e+01  3.33826488e+01  2.39283452e+00\n",
      "   1.72367027e+01 -1.51386113e+01  5.51946481e+01]\n",
      " [-2.15600082e+01 -3.37693171e+01 -3.59845266e+00 -1.71002360e+02\n",
      "  -1.92023931e+01 -1.10809861e+01 -3.17757933e+01 -2.47158242e+00\n",
      "  -1.51386113e+01  2.48693286e+01 -7.60973717e+01]\n",
      " [ 2.58863635e+02  3.80534118e+02  2.45756373e+01  1.58444117e+03\n",
      "   5.34641308e+01  5.37477260e+01  1.31065877e+02  9.69525645e+00\n",
      "   5.51946481e+01 -7.60973717e+01  7.63803572e+02]]\n"
     ]
    }
   ],
   "source": [
    "# The NumPy covariance function assumes that variables are reprensented by rows, not columns, so we transpose X.\n",
    "Xt = X_train.T\n",
    "Cx = np.cov(Xt)\n",
    "print('Covariance Matrix:\\n', Cx)"
   ]
  },
  {
   "cell_type": "code",
   "execution_count": 391,
   "metadata": {},
   "outputs": [],
   "source": [
    "\n",
    "X_pca = StandardScaler().fit_transform(features_pca)\n",
    "eig_val_cov, eig_vec_cov = np.linalg.eig(Cx)"
   ]
  },
  {
   "cell_type": "code",
   "execution_count": 392,
   "metadata": {},
   "outputs": [
    {
     "name": "stdout",
     "output_type": "stream",
     "text": [
      "The percentage of total variance in the dataset explained by each component from Sklearn PCA.\n",
      " [0.5798994  0.2090275  0.06302122 0.04172858 0.03014566 0.02441164\n",
      " 0.01946664 0.01198268 0.01101651 0.00693254 0.00236763]\n"
     ]
    }
   ],
   "source": [
    "#PCA to get the 2 best features\n",
    "sklearn_pca = PCA(n_components=11)\n",
    "x_sklearn = sklearn_pca.fit_transform(X_pca)\n",
    "#regr.fit(x_sklearn, Y)\n",
    "print(\n",
    "    'The percentage of total variance in the dataset explained by each',\n",
    "    'component from Sklearn PCA.\\n',\n",
    "    sklearn_pca.explained_variance_ratio_\n",
    ")"
   ]
  },
  {
   "cell_type": "markdown",
   "metadata": {},
   "source": [
    "By using PCA, we can see the first 2 features are closely correlated to the output variable so we will keep them"
   ]
  },
  {
   "cell_type": "markdown",
   "metadata": {},
   "source": [
    "Now we will use these models after doing PCA-\n",
    "\n",
    "1.GridsearchCV\n",
    "\n",
    "2.Holdout and cross validation\n",
    "\n",
    "3.Classification report"
   ]
  },
  {
   "cell_type": "code",
   "execution_count": 393,
   "metadata": {},
   "outputs": [],
   "source": [
    "Y_pca = data_na[['Sales_in_thousands']]\n",
    "X_pca_fea = data_na[[\"Year_Resale_Value\",\"Price_in_thousands\"]]\n"
   ]
  },
  {
   "cell_type": "code",
   "execution_count": 394,
   "metadata": {},
   "outputs": [],
   "source": [
    "#using training and test data\n",
    "from sklearn.model_selection import train_test_split\n",
    "\n",
    "X_train_pca, X_test_pca, y_train_pca, y_test_pca = train_test_split(X_pca_fea, Y_pca, random_state=1)"
   ]
  },
  {
   "cell_type": "code",
   "execution_count": 395,
   "metadata": {},
   "outputs": [],
   "source": [
    "decision_tree_pca = tree.DecisionTreeRegressor( max_features=2,\n",
    "    max_depth=4\n",
    ")\n",
    "\n",
    "decision_tree_pca.fit(X_train_pca, y_train_pca)\n",
    "import pydotplus\n",
    "import graphviz\n",
    "# Render our tree.\n",
    "dot_data = tree.export_graphviz(\n",
    "    decision_tree_pca, out_file=None,\n",
    "    feature_names=X_pca_fea.columns\n",
    ")\n",
    "\n"
   ]
  },
  {
   "cell_type": "code",
   "execution_count": 396,
   "metadata": {},
   "outputs": [
    {
     "name": "stdout",
     "output_type": "stream",
     "text": [
      "[{'criterion': 'mse', 'max_depth': 3}, {'criterion': 'mse', 'max_depth': 4}, {'criterion': 'mse', 'max_depth': 5}]\n",
      "[-0.23415195 -0.49293474 -0.44957207]\n",
      "[0.52229394 0.63762325 0.73119439]\n",
      "{'criterion': 'mse', 'max_depth': 3}\n",
      "-0.2341519503920075\n",
      "DecisionTreeRegressor(criterion='mse', max_depth=3, max_features=2,\n",
      "           max_leaf_nodes=None, min_impurity_decrease=0.0,\n",
      "           min_impurity_split=None, min_samples_leaf=1,\n",
      "           min_samples_split=2, min_weight_fraction_leaf=0.0,\n",
      "           presort=False, random_state=None, splitter='best')\n"
     ]
    }
   ],
   "source": [
    "#Using Grid search  for finding the best set of parameters\n",
    "dt_grid_pca={'max_depth':[3,4,5],'criterion':['mse']}\n",
    "grid_class_pca=model_selection.GridSearchCV(decision_tree_pca,dt_grid_pca,refit=True,return_train_score=True)\n",
    "grid_class_pca.fit(X_train_pca, y_train_pca)\n",
    "#Displaying the parameters using Grid search\n",
    "results_pca = grid_class_pca.cv_results_\n",
    "print(results_pca.get('params'))\n",
    "print(results_pca.get('mean_test_score'))\n",
    "print(results_pca.get('mean_train_score'))\n",
    "print(grid_class_pca.best_params_)\n",
    "print(grid_class_pca.best_score_)\n",
    "final_model_pca = grid_class_pca.best_estimator_\n",
    "print(final_model_pca)"
   ]
  },
  {
   "cell_type": "code",
   "execution_count": 397,
   "metadata": {},
   "outputs": [
    {
     "data": {
